No.,Fitness,No. Wrong Cases,No. Wrong Classes,Jaccard,Runtime
0,11.0,11.0,11.0,12.0,9276.012697
1,11.0,12.0,11.0,12.0,9276.014068
2,11.0,11.0,11.0,12.0,9276.015437
3,11.0,11.0,11.0,12.0,9276.016803999999
4,11.0,12.0,11.0,12.0,9276.018168999999
5,11.0,12.0,11.0,12.0,9276.019538
6,11.0,12.0,11.0,12.0,9276.020949
7,12.0,12.0,12.0,12.0,9276.022299
8,11.0,12.0,11.0,12.0,9276.023668
9,12.0,11.0,12.0,12.0,9276.025042
10,11.0,12.0,12.0,12.0,9276.026402
11,11.0,11.0,11.0,12.0,9276.027801
12,11.0,11.0,12.0,12.0,9276.029152
13,12.0,11.0,12.0,12.0,9276.030503
14,11.0,11.0,12.0,12.0,9276.03196
15,11.0,11.0,11.0,12.0,9276.033325999999
16,12.0,11.0,12.0,12.0,9276.034684
17,11.0,11.0,11.0,12.0,9276.036123
18,11.0,11.0,11.0,12.0,9276.037500999999
19,11.0,11.0,11.0,12.0,9276.038853
20,11.0,11.0,11.0,12.0,9276.040218
21,11.0,11.0,11.0,12.0,9276.041589999999
22,11.0,11.0,11.0,12.0,9276.042951
23,11.0,11.0,11.0,12.0,9276.044369
24,11.0,12.0,11.0,12.0,9276.045719
25,11.0,11.0,11.0,12.0,9276.047079
26,11.0,11.0,11.0,12.0,9276.048434
27,11.0,12.0,12.0,12.0,9276.049792
28,12.0,12.0,12.0,12.0,9276.051179
29,11.0,11.0,11.0,12.0,9276.052582
30,11.0,12.0,11.0,12.0,9276.053945
31,11.0,12.0,11.0,12.0,9276.055303
32,11.0,12.0,11.0,12.0,9276.056703999999
33,11.0,12.0,11.0,12.0,9276.058074
34,11.0,12.0,11.0,12.0,9276.059442
35,12.0,12.0,12.0,12.0,9276.060805
36,11.0,12.0,11.0,12.0,9276.062156
37,11.0,11.0,11.0,12.0,9276.063546
38,11.0,12.0,11.0,12.0,9276.064907
39,11.0,12.0,11.0,12.0,9276.066251
40,11.0,12.0,11.0,12.0,9276.067699
41,11.0,12.0,11.0,12.0,9276.069082
42,11.0,12.0,11.0,12.0,9276.070427999999
43,11.0,11.0,11.0,12.0,9276.071786999999
44,11.0,12.0,11.0,12.0,9276.073149
45,11.0,12.0,11.0,12.0,9276.074499
46,11.0,12.0,11.0,12.0,9276.075925
47,11.0,12.0,11.0,12.0,9276.077292
48,11.0,11.0,11.0,12.0,9276.078642999999
49,11.0,12.0,11.0,12.0,9276.080006
50,11.0,12.0,11.0,12.0,9276.081364
51,11.0,12.0,11.0,12.0,9276.082724
52,11.0,12.0,11.0,12.0,9276.084154
53,11.0,11.0,11.0,12.0,9276.085509999999
54,11.0,11.0,11.0,12.0,9276.086865
55,11.0,12.0,11.0,12.0,9276.088225
56,11.0,12.0,11.0,12.0,9276.089576999999
57,11.0,12.0,12.0,12.0,9276.090946
58,11.0,11.0,11.0,12.0,9276.092386999999
59,11.0,12.0,11.0,12.0,9276.09378
60,11.0,11.0,11.0,12.0,9276.09519
61,11.0,12.0,11.0,12.0,9276.096548
62,11.0,12.0,11.0,12.0,9276.097972
63,11.0,12.0,11.0,12.0,9276.099446999999
64,12.0,12.0,12.0,12.0,9276.100841
65,12.0,11.0,12.0,12.0,9276.10221
66,11.0,11.0,11.0,12.0,9276.103651
67,11.0,12.0,11.0,12.0,9276.105035999999
68,11.0,11.0,11.0,12.0,9276.106391
69,11.0,11.0,11.0,12.0,9276.107748999999
70,11.0,11.0,11.0,12.0,9276.10911
71,11.0,12.0,11.0,12.0,9276.110461
72,11.0,11.0,11.0,12.0,9276.111821
73,11.0,12.0,11.0,12.0,9276.113314999999
74,11.0,11.0,11.0,12.0,9276.114749999999
75,11.0,11.0,11.0,12.0,9276.116114
76,12.0,11.0,12.0,12.0,9276.117471
77,11.0,12.0,11.0,12.0,9276.118822999999
78,11.0,12.0,11.0,12.0,9276.12027
79,11.0,11.0,11.0,12.0,9276.121626
80,11.0,12.0,11.0,12.0,9276.123007
81,11.0,12.0,11.0,12.0,9276.124442
82,11.0,12.0,11.0,12.0,9276.125794
83,11.0,11.0,11.0,12.0,9276.127149
84,11.0,12.0,11.0,12.0,9276.128557
85,11.0,11.0,11.0,12.0,9276.129901999999
86,11.0,12.0,11.0,12.0,9276.131259
87,11.0,12.0,11.0,12.0,9276.132610999999
88,11.0,12.0,11.0,12.0,9276.133964999999
89,11.0,12.0,11.0,12.0,9276.135358
90,11.0,11.0,11.0,12.0,9276.136712
91,11.0,12.0,11.0,12.0,9276.13806
92,11.0,12.0,11.0,12.0,9276.139498999999
93,11.0,11.0,11.0,12.0,9276.1409
94,11.0,12.0,11.0,12.0,9276.142281999999
95,11.0,11.0,11.0,12.0,9276.143704
96,11.0,12.0,11.0,12.0,9276.145161
97,11.0,12.0,11.0,12.0,9276.146519
98,11.0,12.0,11.0,12.0,9276.147888
99,11.0,11.0,11.0,12.0,9276.149243
100,11.0,11.0,11.0,12.0,9276.150607
101,11.0,11.0,11.0,12.0,9276.152049
102,11.0,12.0,11.0,12.0,9276.153413
103,11.0,12.0,11.0,12.0,9276.154778
104,11.0,11.0,11.0,12.0,9276.156144999999
105,11.0,12.0,11.0,12.0,9276.157507
106,12.0,12.0,12.0,12.0,9276.15886
107,11.0,12.0,11.0,12.0,9276.160324999999
108,11.0,12.0,11.0,12.0,9276.161678999999
109,11.0,11.0,11.0,12.0,9276.163057
110,11.0,11.0,11.0,12.0,9276.164477999999
111,11.0,12.0,11.0,12.0,9276.165844
112,11.0,11.0,11.0,12.0,9276.16721
113,11.0,11.0,11.0,12.0,9276.168565
114,11.0,12.0,11.0,12.0,9276.169914
115,11.0,11.0,11.0,12.0,9276.171278
116,11.0,12.0,11.0,12.0,9276.172634
117,11.0,12.0,12.0,12.0,9276.173999999999
118,12.0,11.0,12.0,12.0,9276.1754
119,11.0,11.0,11.0,12.0,9276.176798999999
120,11.0,12.0,11.0,12.0,9276.178162999999
121,11.0,12.0,11.0,12.0,9276.179581
122,11.0,12.0,11.0,12.0,9276.180967
123,11.0,11.0,11.0,12.0,9276.182325
124,11.0,12.0,11.0,12.0,9276.183688
125,11.0,11.0,11.0,12.0,9276.185078999999
126,11.0,11.0,11.0,12.0,9276.186432
127,11.0,12.0,12.0,12.0,9276.187804
128,11.0,11.0,11.0,12.0,9276.189153
129,11.0,12.0,11.0,12.0,9276.19052
130,11.0,11.0,11.0,12.0,9276.191974
131,11.0,12.0,12.0,12.0,9276.193324
132,11.0,12.0,11.0,12.0,9276.194728
133,11.0,11.0,11.0,12.0,9276.196117
134,11.0,11.0,11.0,12.0,9276.197481
135,11.0,12.0,11.0,12.0,9276.19884
136,12.0,11.0,12.0,12.0,9276.200275
137,11.0,11.0,11.0,12.0,9276.20163
138,11.0,12.0,11.0,12.0,9276.20299
139,11.0,11.0,11.0,12.0,9276.204337
140,11.0,12.0,12.0,12.0,9276.205692
141,11.0,12.0,11.0,12.0,9276.207086999999
142,11.0,12.0,11.0,12.0,9276.208445
143,11.0,11.0,11.0,12.0,9276.209800999999
144,11.0,11.0,11.0,12.0,9276.211173
145,11.0,11.0,11.0,12.0,9276.212536
146,11.0,12.0,11.0,12.0,9276.213979
147,11.0,12.0,11.0,12.0,9276.215387
148,12.0,11.0,12.0,12.0,9276.216806999999
149,11.0,12.0,11.0,12.0,9276.218158
150,11.0,12.0,11.0,12.0,9276.219528
151,11.0,11.0,11.0,12.0,9276.220882
152,12.0,11.0,12.0,12.0,9276.222253
153,11.0,12.0,11.0,12.0,9276.223617
154,11.0,12.0,11.0,12.0,9276.224979999999
155,12.0,11.0,12.0,12.0,9276.226331
156,12.0,12.0,12.0,12.0,9276.227759
157,11.0,12.0,11.0,12.0,9276.229125
158,11.0,11.0,12.0,12.0,9276.230495
159,11.0,11.0,11.0,12.0,9276.231951
160,11.0,12.0,11.0,12.0,9276.233334999999
161,11.0,11.0,11.0,12.0,9276.234688999999
162,11.0,11.0,11.0,12.0,9276.236065
163,12.0,11.0,12.0,12.0,9276.237433999999
164,11.0,11.0,11.0,12.0,9276.238791
165,11.0,12.0,11.0,12.0,9276.240157999999
166,11.0,12.0,12.0,12.0,9276.241532
167,11.0,12.0,11.0,12.0,9276.242903999999
168,11.0,11.0,11.0,12.0,9276.244252999999
169,11.0,12.0,12.0,12.0,9276.245608
170,11.0,12.0,11.0,12.0,9276.246981999999
171,11.0,12.0,11.0,12.0,9276.248400999999
172,11.0,12.0,11.0,12.0,9276.249754
173,11.0,12.0,11.0,12.0,9276.251137
174,11.0,11.0,11.0,12.0,9276.252566
175,11.0,12.0,11.0,12.0,9276.253913999999
176,12.0,11.0,12.0,12.0,9276.25528
177,11.0,12.0,11.0,12.0,9276.256682
178,11.0,12.0,11.0,12.0,9276.258033
179,12.0,12.0,12.0,12.0,9276.259403
180,11.0,12.0,11.0,12.0,9276.260772
181,11.0,11.0,11.0,12.0,9276.262128
182,11.0,12.0,11.0,12.0,9276.263543
183,11.0,12.0,11.0,12.0,9276.264905
184,11.0,11.0,11.0,12.0,9276.266255
185,11.0,11.0,11.0,12.0,9276.267612
186,11.0,11.0,11.0,12.0,9276.268967
187,11.0,12.0,11.0,12.0,9276.270326
188,11.0,12.0,11.0,12.0,9276.271751999999
189,11.0,11.0,11.0,12.0,9276.273127
190,11.0,12.0,11.0,12.0,9276.274478
191,11.0,12.0,11.0,12.0,9276.275956
192,11.0,12.0,11.0,12.0,9276.277423
193,11.0,12.0,11.0,12.0,9276.278778
194,11.0,12.0,11.0,12.0,9276.280162
195,11.0,11.0,11.0,12.0,9276.281525999999
196,11.0,12.0,11.0,12.0,9276.282879
197,11.0,11.0,11.0,12.0,9276.284238999999
198,11.0,12.0,11.0,12.0,9276.285598
199,11.0,12.0,11.0,12.0,9276.286973999999
200,12.0,12.0,12.0,12.0,9276.288406
201,11.0,11.0,11.0,12.0,9276.289768999999
202,11.0,12.0,11.0,12.0,9276.291141
203,11.0,12.0,11.0,12.0,9276.292534
204,11.0,11.0,11.0,12.0,9276.293899
205,11.0,11.0,11.0,12.0,9276.295328
206,11.0,12.0,11.0,12.0,9276.296738
207,11.0,12.0,11.0,12.0,9276.298090999999
208,11.0,12.0,11.0,12.0,9276.299459
209,12.0,12.0,12.0,12.0,9276.300820999999
210,11.0,12.0,11.0,12.0,9276.302171
211,11.0,11.0,11.0,12.0,9276.303614999999
212,11.0,12.0,11.0,12.0,9276.305011
213,11.0,12.0,11.0,12.0,9276.306360999999
214,11.0,12.0,11.0,12.0,9276.307718
215,11.0,12.0,11.0,12.0,9276.309082
216,11.0,12.0,11.0,12.0,9276.310442
217,11.0,11.0,11.0,12.0,9276.311872999999
218,11.0,12.0,11.0,12.0,9276.313279
219,11.0,11.0,11.0,12.0,9276.314731999999
220,11.0,12.0,11.0,12.0,9276.316106
221,11.0,12.0,11.0,12.0,9276.317471
222,11.0,12.0,11.0,12.0,9276.318825999999
223,11.0,12.0,11.0,12.0,9276.320258
224,11.0,11.0,11.0,12.0,9276.321617
225,11.0,11.0,11.0,12.0,9276.322994
226,12.0,11.0,12.0,12.0,9276.324362
227,12.0,12.0,12.0,12.0,9276.32571
228,11.0,12.0,11.0,12.0,9276.32707
229,11.0,12.0,12.0,12.0,9276.328485
230,11.0,11.0,11.0,12.0,9276.329849
231,11.0,11.0,11.0,12.0,9276.331221999999
232,11.0,12.0,11.0,12.0,9276.332578
233,11.0,11.0,11.0,12.0,9276.333927
234,11.0,12.0,11.0,12.0,9276.335329
235,11.0,11.0,11.0,12.0,9276.336704
236,11.0,11.0,11.0,12.0,9276.338243
237,11.0,11.0,11.0,12.0,9276.339826
238,12.0,12.0,12.0,12.0,9276.341403999999
239,11.0,12.0,11.0,12.0,9276.343004
240,11.0,11.0,11.0,12.0,9276.344577
241,11.0,12.0,11.0,12.0,9276.346145
242,11.0,11.0,11.0,12.0,9276.347738
243,11.0,12.0,11.0,12.0,9276.349333
244,11.0,12.0,11.0,12.0,9276.350917
245,11.0,11.0,11.0,12.0,9276.352508
246,11.0,11.0,11.0,12.0,9276.354083
247,11.0,11.0,11.0,12.0,9276.355652999999
248,11.0,12.0,11.0,12.0,9276.357227999999
249,11.0,12.0,11.0,12.0,9276.358807999999
250,11.0,11.0,11.0,12.0,9276.36039
251,11.0,12.0,11.0,12.0,9276.361955
252,11.0,12.0,11.0,12.0,9276.363532
253,11.0,12.0,11.0,12.0,9276.365113
254,11.0,12.0,11.0,12.0,9276.366712
255,11.0,12.0,11.0,12.0,9276.368316
256,11.0,12.0,11.0,12.0,9276.369767
257,11.0,11.0,11.0,12.0,9276.371239
258,11.0,12.0,11.0,12.0,9276.372698
259,11.0,11.0,11.0,12.0,9276.374156
260,11.0,12.0,11.0,12.0,9276.375616
261,11.0,12.0,11.0,12.0,9276.377059999999
262,11.0,11.0,11.0,12.0,9276.378478999999
263,11.0,12.0,11.0,12.0,9276.379959
264,11.0,11.0,11.0,12.0,9276.381392
265,11.0,11.0,11.0,12.0,9276.382813999999
266,11.0,12.0,11.0,12.0,9276.384291999999
267,11.0,12.0,11.0,12.0,9276.385762
268,11.0,11.0,11.0,12.0,9276.387214999999
269,11.0,12.0,11.0,12.0,9276.388659999999
270,11.0,12.0,11.0,12.0,9276.390086
271,11.0,12.0,11.0,12.0,9276.391597
272,11.0,12.0,11.0,12.0,9276.393065999999
273,11.0,11.0,11.0,12.0,9276.394515
274,11.0,11.0,11.0,12.0,9276.395975
275,11.0,11.0,11.0,12.0,9276.397368
276,11.0,12.0,11.0,12.0,9276.398726
277,11.0,12.0,11.0,12.0,9276.400137999999
278,12.0,11.0,12.0,12.0,9276.401549999999
279,11.0,11.0,11.0,12.0,9276.402928
280,11.0,11.0,11.0,12.0,9276.404344999999
281,12.0,12.0,12.0,12.0,9276.40573
282,11.0,11.0,11.0,12.0,9276.407088
283,12.0,11.0,12.0,12.0,9276.408512
284,11.0,11.0,11.0,12.0,9276.409926999999
285,11.0,12.0,11.0,12.0,9276.411355
286,12.0,12.0,12.0,12.0,9276.412751
287,11.0,12.0,11.0,12.0,9276.414105
288,11.0,12.0,11.0,12.0,9276.415464
289,12.0,11.0,12.0,12.0,9276.416841999999
290,12.0,11.0,12.0,12.0,9276.418190999999
291,11.0,12.0,11.0,12.0,9276.41956
292,11.0,11.0,11.0,12.0,9276.421070999999
293,11.0,12.0,11.0,12.0,9276.422429
294,11.0,11.0,11.0,12.0,9276.423791
295,12.0,11.0,12.0,12.0,9276.425183
296,11.0,11.0,11.0,12.0,9276.426599
297,12.0,11.0,12.0,12.0,9276.428014
298,11.0,12.0,11.0,12.0,9276.429374
299,11.0,12.0,11.0,12.0,9276.43073
300,11.0,11.0,11.0,12.0,9276.432175
301,11.0,11.0,11.0,12.0,9276.433536
302,11.0,11.0,11.0,12.0,9276.43489
303,11.0,12.0,11.0,12.0,9276.436255999999
304,12.0,12.0,12.0,12.0,9276.437641
305,11.0,12.0,11.0,12.0,9276.439008
306,11.0,11.0,11.0,12.0,9276.440376
307,11.0,11.0,11.0,12.0,9276.441839
308,11.0,12.0,12.0,12.0,9276.443266
309,11.0,11.0,11.0,12.0,9276.444639
310,11.0,11.0,11.0,12.0,9276.446052
311,11.0,11.0,11.0,12.0,9276.447544999999
312,11.0,11.0,11.0,12.0,9276.448945
313,11.0,12.0,12.0,12.0,9276.450294
314,11.0,11.0,11.0,12.0,9276.451717
315,12.0,11.0,12.0,12.0,9276.453097
316,11.0,12.0,11.0,12.0,9276.454461
317,11.0,11.0,11.0,12.0,9276.455845
318,11.0,12.0,11.0,12.0,9276.457242
319,11.0,11.0,11.0,12.0,9276.458682
320,11.0,12.0,11.0,12.0,9276.460079999999
321,11.0,11.0,12.0,12.0,9276.461458
322,11.0,11.0,11.0,12.0,9276.46288
323,12.0,12.0,12.0,12.0,9276.464281999999
324,11.0,11.0,11.0,12.0,9276.465638
325,11.0,11.0,11.0,12.0,9276.467062
326,11.0,11.0,11.0,12.0,9276.468439
327,11.0,11.0,11.0,12.0,9276.469793999999
328,11.0,11.0,11.0,12.0,9276.471169999999
329,11.0,12.0,11.0,12.0,9276.472604999999
330,11.0,12.0,11.0,12.0,9276.47396
331,11.0,12.0,11.0,12.0,9276.475408999999
332,11.0,11.0,11.0,12.0,9276.476793
333,11.0,11.0,11.0,12.0,9276.478181
334,11.0,12.0,11.0,12.0,9276.479549
335,11.0,11.0,11.0,12.0,9276.48091
336,11.0,11.0,11.0,12.0,9276.482291
337,11.0,11.0,11.0,12.0,9276.483715999999
338,11.0,12.0,11.0,12.0,9276.485072
339,11.0,12.0,11.0,12.0,9276.486436
340,11.0,12.0,11.0,12.0,9276.487851
341,11.0,11.0,11.0,12.0,9276.489228999999
342,11.0,11.0,11.0,12.0,9276.490582999999
343,11.0,12.0,11.0,12.0,9276.492019
344,11.0,11.0,11.0,12.0,9276.49347
345,11.0,12.0,11.0,12.0,9276.494831
346,11.0,11.0,12.0,12.0,9276.496256
347,11.0,12.0,11.0,12.0,9276.497679
348,11.0,12.0,11.0,12.0,9276.49906
349,11.0,12.0,11.0,12.0,9276.500425999999
350,11.0,11.0,11.0,12.0,9276.501793
351,12.0,11.0,12.0,12.0,9276.503203
352,11.0,12.0,11.0,12.0,9276.504603
353,11.0,11.0,11.0,12.0,9276.505959
354,11.0,12.0,11.0,12.0,9276.507319999999
355,11.0,11.0,11.0,12.0,9276.508797
356,11.0,11.0,11.0,12.0,9276.510188999999
357,11.0,12.0,11.0,12.0,9276.511555
358,11.0,12.0,11.0,12.0,9276.512940999999
359,11.0,11.0,11.0,12.0,9276.514306
360,11.0,11.0,11.0,12.0,9276.515673
361,11.0,11.0,11.0,12.0,9276.517029999999
362,11.0,11.0,11.0,12.0,9276.518387
363,11.0,12.0,11.0,12.0,9276.519814
364,11.0,12.0,11.0,12.0,9276.521268
365,11.0,11.0,11.0,12.0,9276.52263
366,11.0,12.0,11.0,12.0,9276.524003
367,11.0,12.0,11.0,12.0,9276.525454999999
368,11.0,12.0,11.0,12.0,9276.526847
369,11.0,12.0,11.0,12.0,9276.528274
370,11.0,12.0,11.0,12.0,9276.529634
371,11.0,11.0,11.0,12.0,9276.530993
372,11.0,12.0,11.0,12.0,9276.532358
373,11.0,12.0,11.0,12.0,9276.53377
374,12.0,11.0,12.0,12.0,9276.535163
375,11.0,12.0,11.0,12.0,9276.536524
376,11.0,12.0,11.0,12.0,9276.53788
377,11.0,12.0,11.0,12.0,9276.539262
378,11.0,11.0,11.0,12.0,9276.540615
379,11.0,11.0,11.0,12.0,9276.542081
380,11.0,12.0,11.0,12.0,9276.543480999999
381,11.0,12.0,11.0,12.0,9276.544893999999
382,11.0,11.0,11.0,12.0,9276.546306999999
383,11.0,12.0,11.0,12.0,9276.547676
384,11.0,12.0,11.0,12.0,9276.549029
385,11.0,12.0,11.0,12.0,9276.550394
386,11.0,11.0,12.0,12.0,9276.551748
387,11.0,12.0,11.0,12.0,9276.553112
388,11.0,11.0,11.0,12.0,9276.554468999999
389,12.0,12.0,12.0,12.0,9276.555832
390,11.0,12.0,11.0,12.0,9276.557187999999
391,11.0,12.0,11.0,12.0,9276.558584999999
392,12.0,11.0,12.0,12.0,9276.560076
393,11.0,11.0,11.0,12.0,9276.561485
394,11.0,11.0,11.0,12.0,9276.562838
395,11.0,12.0,11.0,12.0,9276.564193
396,11.0,12.0,11.0,12.0,9276.565571
397,11.0,12.0,11.0,12.0,9276.56697
398,11.0,11.0,11.0,12.0,9276.56833
399,11.0,12.0,11.0,12.0,9276.569705
400,11.0,12.0,11.0,12.0,9276.571069
401,11.0,11.0,11.0,12.0,9276.572425999999
402,11.0,11.0,11.0,12.0,9276.573794
403,11.0,12.0,11.0,12.0,9276.575254
404,11.0,12.0,11.0,12.0,9276.576659
405,11.0,11.0,11.0,12.0,9276.578019999999
406,11.0,11.0,11.0,12.0,9276.579378999999
407,11.0,12.0,12.0,12.0,9276.58074
408,11.0,12.0,11.0,12.0,9276.582091999999
409,11.0,11.0,11.0,12.0,9276.58351
410,11.0,12.0,11.0,12.0,9276.584907
411,11.0,12.0,11.0,12.0,9276.586271
412,11.0,12.0,12.0,12.0,9276.587645
413,11.0,11.0,11.0,12.0,9276.589001999999
414,11.0,12.0,11.0,12.0,9276.590361
415,11.0,12.0,11.0,12.0,9276.591822
416,11.0,11.0,11.0,12.0,9276.593241999999
417,11.0,11.0,11.0,12.0,9276.5946
418,11.0,11.0,11.0,12.0,9276.596787999999
419,11.0,12.0,11.0,12.0,9276.598146
420,11.0,12.0,12.0,12.0,9276.599529
421,11.0,12.0,11.0,12.0,9276.600926
422,11.0,12.0,11.0,12.0,9276.602289
423,11.0,12.0,11.0,12.0,9276.603645
424,11.0,12.0,11.0,12.0,9276.605001
425,11.0,11.0,11.0,12.0,9276.606356
426,11.0,12.0,11.0,12.0,9276.607812999999
427,11.0,11.0,11.0,12.0,9276.609228
428,11.0,11.0,11.0,12.0,9276.610585999999
429,11.0,12.0,11.0,12.0,9276.611945999999
430,11.0,12.0,11.0,12.0,9276.613318
431,11.0,11.0,11.0,12.0,9276.614673
432,11.0,12.0,11.0,12.0,9276.616152999999
433,11.0,11.0,11.0,12.0,9276.617506999999
434,11.0,11.0,11.0,12.0,9276.618872
435,11.0,11.0,11.0,12.0,9276.620244
436,11.0,11.0,11.0,12.0,9276.621704
437,11.0,12.0,11.0,12.0,9276.623088999999
438,11.0,12.0,11.0,12.0,9276.624463
439,11.0,11.0,11.0,12.0,9276.625898
440,11.0,12.0,12.0,12.0,9276.627316
441,11.0,12.0,11.0,12.0,9276.628682
442,11.0,11.0,11.0,12.0,9276.630036999999
443,11.0,12.0,11.0,12.0,9276.631467
444,12.0,11.0,12.0,12.0,9276.632867999999
445,11.0,12.0,11.0,12.0,9276.634227999999
446,11.0,11.0,12.0,12.0,9276.635586
447,11.0,11.0,11.0,12.0,9276.636935
448,11.0,12.0,11.0,12.0,9276.638298
449,11.0,11.0,11.0,12.0,9276.639659
450,12.0,11.0,12.0,12.0,9276.641026
451,11.0,11.0,11.0,12.0,9276.642485999999
452,11.0,11.0,11.0,12.0,9276.643904999999
453,11.0,12.0,11.0,12.0,9276.645276
454,11.0,12.0,11.0,12.0,9276.646729
455,11.0,12.0,11.0,12.0,9276.648186
456,11.0,11.0,11.0,12.0,9276.649545
457,11.0,12.0,11.0,12.0,9276.650919
458,11.0,11.0,11.0,12.0,9276.652273
459,11.0,11.0,11.0,12.0,9276.653627
460,11.0,12.0,11.0,12.0,9276.654994
461,11.0,12.0,11.0,12.0,9276.656402999999
462,11.0,12.0,11.0,12.0,9276.657776
463,11.0,12.0,11.0,12.0,9276.659235
464,11.0,11.0,11.0,12.0,9276.660598
465,11.0,11.0,11.0,12.0,9276.661947999999
466,11.0,12.0,11.0,12.0,9276.663349999999
467,11.0,12.0,11.0,12.0,9276.664724999999
468,11.0,11.0,11.0,12.0,9276.666092
469,11.0,11.0,11.0,12.0,9276.667481
470,11.0,11.0,11.0,12.0,9276.668835999999
471,11.0,11.0,11.0,12.0,9276.670204
472,11.0,12.0,11.0,12.0,9276.671608999999
473,11.0,11.0,11.0,12.0,9276.673002
474,11.0,11.0,11.0,12.0,9276.674367
475,11.0,12.0,11.0,12.0,9276.675786
476,12.0,11.0,12.0,12.0,9276.677233
477,11.0,11.0,12.0,12.0,9276.678593999999
478,11.0,11.0,11.0,12.0,9276.679976
479,11.0,12.0,11.0,12.0,9276.681341
480,12.0,11.0,12.0,12.0,9276.68269
481,12.0,11.0,12.0,12.0,9276.684141
482,11.0,11.0,11.0,12.0,9276.685505
483,11.0,12.0,11.0,12.0,9276.686851
484,11.0,11.0,11.0,12.0,9276.688307
485,11.0,11.0,11.0,12.0,9276.689658
486,11.0,12.0,11.0,12.0,9276.691036
487,12.0,11.0,12.0,12.0,9276.692482
488,11.0,12.0,11.0,12.0,9276.693863
489,11.0,11.0,11.0,12.0,9276.695237
490,11.0,11.0,11.0,12.0,9276.696683
491,11.0,12.0,12.0,12.0,9276.698081999999
492,11.0,12.0,11.0,12.0,9276.699488
493,11.0,11.0,11.0,12.0,9276.700885
494,11.0,11.0,12.0,12.0,9276.702234999999
495,11.0,12.0,11.0,12.0,9276.703663
496,11.0,11.0,11.0,12.0,9276.705043
497,11.0,11.0,11.0,12.0,9276.706393
498,11.0,12.0,12.0,12.0,9276.707768999999
499,11.0,11.0,12.0,12.0,9276.709239
500,11.0,11.0,11.0,12.0,9276.710647
501,12.0,12.0,12.0,12.0,9276.712013
502,11.0,12.0,12.0,12.0,9276.713367999999
503,11.0,12.0,11.0,12.0,9276.71472
504,11.0,12.0,11.0,12.0,9276.716118
505,11.0,11.0,11.0,12.0,9276.717465
506,12.0,11.0,12.0,12.0,9276.718829
507,11.0,12.0,11.0,12.0,9276.720186
508,11.0,11.0,11.0,12.0,9276.721549
509,11.0,12.0,12.0,12.0,9276.723021
510,11.0,12.0,11.0,12.0,9276.724505
511,11.0,11.0,11.0,12.0,9276.725951
512,11.0,11.0,11.0,12.0,9276.727321
513,11.0,12.0,11.0,12.0,9276.728685
514,12.0,12.0,12.0,12.0,9276.730032
515,11.0,11.0,11.0,12.0,9276.731445
516,11.0,12.0,11.0,12.0,9276.732843
517,11.0,11.0,11.0,12.0,9276.734193999999
518,11.0,12.0,11.0,12.0,9276.735569
519,11.0,12.0,11.0,12.0,9276.736921
520,11.0,11.0,11.0,12.0,9276.738282
521,11.0,12.0,11.0,12.0,9276.739716
522,11.0,12.0,11.0,12.0,9276.741092999999
523,11.0,12.0,11.0,12.0,9276.742525
524,11.0,12.0,11.0,12.0,9276.743956999999
525,12.0,11.0,12.0,12.0,9276.745316999999
526,11.0,12.0,11.0,12.0,9276.746748
527,12.0,11.0,12.0,12.0,9276.748106
528,11.0,12.0,11.0,12.0,9276.749464999999
529,11.0,11.0,11.0,12.0,9276.750825
530,12.0,11.0,12.0,12.0,9276.752181
531,11.0,12.0,11.0,12.0,9276.753536
532,11.0,11.0,11.0,12.0,9276.754894
533,11.0,11.0,11.0,12.0,9276.756319
534,11.0,12.0,11.0,12.0,9276.75769
535,12.0,11.0,12.0,12.0,9276.759121
536,11.0,12.0,11.0,12.0,9276.760509
537,11.0,12.0,11.0,12.0,9276.761875
538,11.0,11.0,11.0,12.0,9276.763271
539,11.0,11.0,11.0,12.0,9276.764684
540,11.0,12.0,11.0,12.0,9276.766038
541,11.0,11.0,11.0,12.0,9276.767404999999
542,11.0,11.0,11.0,12.0,9276.768762
543,11.0,12.0,11.0,12.0,9276.770126
544,11.0,11.0,11.0,12.0,9276.771535
545,11.0,12.0,11.0,12.0,9276.77289
546,11.0,11.0,11.0,12.0,9276.774248
547,11.0,11.0,11.0,12.0,9276.775692
548,11.0,11.0,11.0,12.0,9276.777113
549,12.0,11.0,12.0,12.0,9276.778481
550,11.0,12.0,12.0,12.0,9276.779901
551,11.0,12.0,11.0,12.0,9276.781346
552,12.0,12.0,12.0,12.0,9276.782702
553,11.0,11.0,11.0,12.0,9276.78407
554,11.0,12.0,11.0,12.0,9276.78542
555,11.0,12.0,11.0,12.0,9276.786777
556,11.0,12.0,11.0,12.0,9276.788136
557,12.0,11.0,12.0,12.0,9276.789493
558,11.0,12.0,11.0,12.0,9276.790866
559,11.0,11.0,11.0,12.0,9276.792356
560,11.0,11.0,11.0,12.0,9276.793717999999
561,11.0,12.0,11.0,12.0,9276.79511
562,12.0,11.0,12.0,12.0,9276.796565999999
563,11.0,12.0,12.0,12.0,9276.79795
564,11.0,11.0,11.0,12.0,9276.799315
565,11.0,12.0,11.0,12.0,9276.800675
566,11.0,12.0,11.0,12.0,9276.802022
567,11.0,11.0,11.0,12.0,9276.803383999999
568,11.0,12.0,11.0,12.0,9276.804739
569,11.0,11.0,11.0,12.0,9276.806091
570,11.0,11.0,11.0,12.0,9276.807456
571,11.0,12.0,11.0,12.0,9276.808863999999
572,12.0,11.0,12.0,12.0,9276.810303999999
573,11.0,11.0,11.0,12.0,9276.811732
574,11.0,12.0,11.0,12.0,9276.813106
575,11.0,11.0,11.0,12.0,9276.814461
576,11.0,11.0,11.0,12.0,9276.815827999999
577,11.0,11.0,11.0,12.0,9276.817288
578,11.0,12.0,11.0,12.0,9276.818648999999
579,11.0,11.0,11.0,12.0,9276.820034999999
580,11.0,11.0,11.0,12.0,9276.821404999999
581,12.0,11.0,12.0,12.0,9276.822769
582,11.0,11.0,11.0,12.0,9276.824249
583,11.0,11.0,11.0,12.0,9276.825673
584,11.0,12.0,11.0,12.0,9276.827099
585,11.0,12.0,11.0,12.0,9276.828502999999
586,11.0,11.0,11.0,12.0,9276.829864
587,12.0,11.0,12.0,12.0,9276.831306
588,11.0,12.0,11.0,12.0,9276.832724
589,11.0,11.0,11.0,12.0,9276.83409
590,11.0,11.0,11.0,12.0,9276.835514
591,11.0,12.0,11.0,12.0,9276.836906999999
592,12.0,12.0,12.0,12.0,9276.838260999999
593,11.0,12.0,11.0,12.0,9276.839627
594,12.0,11.0,12.0,12.0,9276.840978999999
595,11.0,12.0,11.0,12.0,9276.842456
596,11.0,11.0,11.0,12.0,9276.843885999999
597,11.0,12.0,11.0,12.0,9276.845281
598,11.0,12.0,11.0,12.0,9276.846695999999
599,11.0,11.0,11.0,12.0,9276.84813
600,11.0,11.0,11.0,12.0,9276.849497
601,11.0,12.0,11.0,12.0,9276.850849999999
602,11.0,11.0,11.0,12.0,9276.852294999999
603,11.0,12.0,11.0,12.0,9276.853646
604,11.0,12.0,11.0,12.0,9276.855023
605,11.0,12.0,11.0,12.0,9276.856432999999
606,11.0,12.0,11.0,12.0,9276.857877999999
607,11.0,12.0,11.0,12.0,9276.859338999999
608,11.0,12.0,11.0,12.0,9276.860728
609,11.0,11.0,11.0,12.0,9276.862089
610,11.0,12.0,11.0,12.0,9276.863502999999
611,11.0,12.0,11.0,12.0,9276.864871
612,11.0,11.0,11.0,12.0,9276.866251
613,11.0,11.0,11.0,12.0,9276.867649
614,11.0,11.0,11.0,12.0,9276.868999999999
615,11.0,12.0,12.0,12.0,9276.870361
616,11.0,11.0,11.0,12.0,9276.871771
617,11.0,12.0,11.0,12.0,9276.873156
618,11.0,11.0,11.0,12.0,9276.874501999999
619,11.0,12.0,11.0,12.0,9276.87595
620,11.0,11.0,11.0,12.0,9276.877357
621,11.0,12.0,12.0,12.0,9276.878714999999
622,11.0,11.0,11.0,12.0,9276.880119
623,11.0,12.0,11.0,12.0,9276.881535
624,12.0,12.0,12.0,12.0,9276.88299
625,11.0,11.0,11.0,12.0,9276.884382999999
626,11.0,12.0,11.0,12.0,9276.885742
627,11.0,11.0,12.0,12.0,9276.887128
628,11.0,12.0,11.0,12.0,9276.888536999999
629,11.0,12.0,11.0,12.0,9276.889949999999
630,11.0,11.0,11.0,12.0,9276.891423
631,11.0,11.0,12.0,12.0,9276.892891
632,11.0,11.0,11.0,12.0,9276.894257
633,11.0,11.0,11.0,12.0,9276.895714999999
634,11.0,12.0,12.0,12.0,9276.897192999999
635,11.0,12.0,11.0,12.0,9276.898594
636,11.0,11.0,11.0,12.0,9276.900015
637,11.0,12.0,11.0,12.0,9276.901398
638,11.0,11.0,11.0,12.0,9276.90275
639,11.0,11.0,11.0,12.0,9276.904193999999
640,11.0,12.0,11.0,12.0,9276.905544
641,12.0,11.0,12.0,12.0,9276.907019
642,11.0,12.0,11.0,12.0,9276.908475
643,11.0,12.0,11.0,12.0,9276.909937
644,11.0,11.0,11.0,12.0,9276.911299
645,11.0,12.0,11.0,12.0,9276.912661999999
646,11.0,11.0,11.0,12.0,9276.914023
647,11.0,12.0,11.0,12.0,9276.915450999999
648,12.0,12.0,12.0,12.0,9276.916847
649,11.0,11.0,11.0,12.0,9276.918209
650,11.0,11.0,11.0,12.0,9276.919571999999
651,11.0,12.0,11.0,12.0,9276.920925999999
652,11.0,11.0,11.0,12.0,9276.922274
653,11.0,11.0,11.0,12.0,9276.923689
654,11.0,12.0,11.0,12.0,9276.925272
655,11.0,11.0,11.0,12.0,9276.926655
656,11.0,12.0,11.0,12.0,9276.928012999999
657,11.0,11.0,11.0,12.0,9276.929436999999
658,11.0,11.0,11.0,12.0,9276.93083
659,11.0,12.0,11.0,12.0,9276.932195
660,11.0,11.0,11.0,12.0,9276.933563999999
661,11.0,11.0,11.0,12.0,9276.934931
662,11.0,11.0,12.0,12.0,9276.936285
663,11.0,11.0,11.0,12.0,9276.937651
664,11.0,12.0,11.0,12.0,9276.939048
665,11.0,12.0,11.0,12.0,9276.940507
666,11.0,11.0,11.0,12.0,9276.941976
667,11.0,12.0,11.0,12.0,9276.943422
668,11.0,11.0,11.0,12.0,9276.944785
669,11.0,11.0,11.0,12.0,9276.946168999999
670,11.0,11.0,11.0,12.0,9276.94758
671,11.0,12.0,11.0,12.0,9276.948977
672,11.0,12.0,11.0,12.0,9276.950388
673,11.0,12.0,11.0,12.0,9276.95184
674,11.0,12.0,11.0,12.0,9276.953191999999
675,11.0,11.0,11.0,12.0,9276.95455
676,11.0,12.0,12.0,12.0,9276.955979
677,11.0,11.0,11.0,12.0,9276.957366999999
678,11.0,12.0,11.0,12.0,9276.958809
679,11.0,12.0,11.0,12.0,9276.960207
680,11.0,12.0,11.0,12.0,9276.961576
681,11.0,11.0,11.0,12.0,9276.962957
682,11.0,11.0,11.0,12.0,9276.964361999999
683,11.0,11.0,11.0,12.0,9276.965753
684,11.0,12.0,11.0,12.0,9276.967153
685,12.0,11.0,12.0,12.0,9276.968508
686,11.0,11.0,11.0,12.0,9276.969868
687,12.0,12.0,12.0,12.0,9276.971258
688,12.0,12.0,12.0,12.0,9276.972647999999
689,11.0,11.0,11.0,12.0,9276.97401
690,11.0,12.0,12.0,12.0,9276.975448
691,11.0,12.0,11.0,12.0,9276.976863
692,11.0,11.0,11.0,12.0,9276.978224
693,11.0,11.0,12.0,12.0,9276.979634
694,11.0,12.0,11.0,12.0,9276.98106
695,11.0,12.0,11.0,12.0,9276.982426999999
696,11.0,12.0,11.0,12.0,9276.983785
697,11.0,11.0,11.0,12.0,9276.985139999999
698,11.0,11.0,11.0,12.0,9276.986504
699,11.0,11.0,11.0,12.0,9276.987901999999
700,11.0,12.0,11.0,12.0,9276.989271999999
701,11.0,11.0,11.0,12.0,9276.990636999999
702,12.0,11.0,12.0,12.0,9276.992065999999
703,11.0,11.0,11.0,12.0,9276.993507
704,11.0,11.0,11.0,12.0,9276.99487
705,11.0,11.0,11.0,12.0,9276.996342999999
706,11.0,11.0,11.0,12.0,9276.997744999999
707,11.0,11.0,11.0,12.0,9276.999134
708,11.0,11.0,11.0,12.0,9277.000616
709,11.0,12.0,11.0,12.0,9277.001984
710,11.0,11.0,11.0,12.0,9277.003397999999
711,11.0,11.0,11.0,12.0,9277.004799999999
712,11.0,11.0,12.0,12.0,9277.006159
713,11.0,12.0,11.0,12.0,9277.007529
714,11.0,11.0,11.0,12.0,9277.009001999999
715,11.0,12.0,11.0,12.0,9277.010391
716,11.0,11.0,11.0,12.0,9277.01181
717,11.0,12.0,11.0,12.0,9277.01318
718,11.0,12.0,11.0,12.0,9277.014532
719,11.0,12.0,11.0,12.0,9277.015967
720,11.0,12.0,11.0,12.0,9277.017328
721,11.0,11.0,11.0,12.0,9277.018689
722,11.0,12.0,11.0,12.0,9277.020047
723,11.0,11.0,11.0,12.0,9277.021421
724,11.0,11.0,11.0,12.0,9277.022765
725,11.0,12.0,11.0,12.0,9277.024121
726,11.0,12.0,11.0,12.0,9277.025671
727,11.0,11.0,11.0,12.0,9277.027111
728,11.0,11.0,11.0,12.0,9277.028531
729,11.0,12.0,11.0,12.0,9277.029895
730,11.0,11.0,11.0,12.0,9277.031319
731,11.0,12.0,11.0,12.0,9277.032678
732,11.0,11.0,11.0,12.0,9277.034034
733,11.0,12.0,11.0,12.0,9277.035407
734,11.0,12.0,11.0,12.0,9277.036816
735,11.0,12.0,11.0,12.0,9277.038171
736,11.0,11.0,11.0,12.0,9277.039542999999
737,11.0,12.0,11.0,12.0,9277.040909
738,11.0,11.0,11.0,12.0,9277.042359
739,12.0,11.0,12.0,12.0,9277.043823
740,11.0,12.0,11.0,12.0,9277.045178999999
741,11.0,12.0,11.0,12.0,9277.046577
742,11.0,12.0,11.0,12.0,9277.048042
743,11.0,12.0,11.0,12.0,9277.049407999999
744,11.0,11.0,11.0,12.0,9277.05076
745,11.0,12.0,11.0,12.0,9277.05219
746,11.0,12.0,11.0,12.0,9277.053544999999
747,11.0,11.0,11.0,12.0,9277.054914
748,11.0,11.0,11.0,12.0,9277.05627
749,11.0,11.0,11.0,12.0,9277.05762
750,11.0,12.0,11.0,12.0,9277.059081
751,11.0,12.0,11.0,12.0,9277.060512
752,11.0,11.0,11.0,12.0,9277.061864
753,12.0,11.0,12.0,12.0,9277.063234
754,11.0,11.0,11.0,12.0,9277.064601
755,11.0,12.0,11.0,12.0,9277.065945999999
756,11.0,12.0,11.0,12.0,9277.06738
757,11.0,11.0,12.0,12.0,9277.068777
758,11.0,11.0,11.0,12.0,9277.070131
759,11.0,12.0,11.0,12.0,9277.071490999999
760,11.0,11.0,11.0,12.0,9277.072860999999
761,11.0,12.0,11.0,12.0,9277.074236
762,11.0,11.0,11.0,12.0,9277.075729
763,11.0,12.0,11.0,12.0,9277.077138999999
764,11.0,11.0,11.0,12.0,9277.078495
765,11.0,11.0,11.0,12.0,9277.079919
766,11.0,11.0,11.0,12.0,9277.081272
767,11.0,11.0,11.0,12.0,9277.082622
768,11.0,12.0,11.0,12.0,9277.08403
769,11.0,12.0,11.0,12.0,9277.085399
770,11.0,11.0,11.0,12.0,9277.086758
771,11.0,11.0,11.0,12.0,9277.088125999999
772,11.0,12.0,12.0,12.0,9277.089494
773,12.0,12.0,12.0,12.0,9277.090849
774,11.0,11.0,11.0,12.0,9277.092311
775,11.0,11.0,11.0,12.0,9277.093761
776,11.0,11.0,11.0,12.0,9277.095163
777,11.0,11.0,11.0,12.0,9277.096575
778,11.0,12.0,11.0,12.0,9277.097977
779,11.0,11.0,11.0,12.0,9277.099387999999
780,11.0,11.0,11.0,12.0,9277.100782
781,11.0,12.0,11.0,12.0,9277.102141
782,11.0,12.0,11.0,12.0,9277.103557
783,11.0,12.0,11.0,12.0,9277.104952
784,11.0,12.0,11.0,12.0,9277.106319999999
785,11.0,12.0,11.0,12.0,9277.107698
786,11.0,12.0,11.0,12.0,9277.109128
787,11.0,12.0,11.0,12.0,9277.110529
788,11.0,12.0,11.0,12.0,9277.11196
789,11.0,11.0,11.0,12.0,9277.113331
790,11.0,12.0,11.0,12.0,9277.114733
791,11.0,12.0,11.0,12.0,9277.11614
792,11.0,12.0,11.0,12.0,9277.117495999999
793,11.0,11.0,11.0,12.0,9277.118856
794,11.0,11.0,11.0,12.0,9277.120294999999
795,11.0,12.0,11.0,12.0,9277.12165
796,12.0,11.0,12.0,12.0,9277.123024
797,12.0,12.0,12.0,12.0,9277.124377
798,11.0,12.0,11.0,12.0,9277.125943
799,11.0,12.0,11.0,12.0,9277.127376
800,11.0,12.0,11.0,12.0,9277.1288
801,11.0,12.0,11.0,12.0,9277.130195
802,11.0,11.0,11.0,12.0,9277.131564
803,11.0,11.0,11.0,12.0,9277.132914
804,11.0,12.0,11.0,12.0,9277.134264
805,11.0,12.0,11.0,12.0,9277.135685
806,11.0,12.0,11.0,12.0,9277.137074999999
807,11.0,11.0,11.0,12.0,9277.138428
808,11.0,12.0,11.0,12.0,9277.139796
809,11.0,11.0,11.0,12.0,9277.141238
810,11.0,12.0,11.0,12.0,9277.142638
811,11.0,12.0,11.0,12.0,9277.144115
812,11.0,11.0,11.0,12.0,9277.14547
813,11.0,12.0,11.0,12.0,9277.146827
814,11.0,11.0,12.0,12.0,9277.148285
815,11.0,11.0,11.0,12.0,9277.149704
816,11.0,11.0,12.0,12.0,9277.151093
817,11.0,11.0,11.0,12.0,9277.152472
818,11.0,11.0,11.0,12.0,9277.153826
819,12.0,12.0,12.0,12.0,9277.155187
820,11.0,11.0,11.0,12.0,9277.156595999999
821,11.0,11.0,11.0,12.0,9277.157959
822,11.0,11.0,11.0,12.0,9277.159423
823,12.0,11.0,12.0,12.0,9277.160801
824,11.0,12.0,11.0,12.0,9277.162155
825,11.0,12.0,11.0,12.0,9277.163567
826,11.0,12.0,11.0,12.0,9277.165014
827,11.0,12.0,12.0,12.0,9277.166436
828,11.0,11.0,11.0,12.0,9277.167803
829,11.0,11.0,11.0,12.0,9277.169165
830,11.0,12.0,11.0,12.0,9277.170519
831,11.0,12.0,12.0,12.0,9277.171957
832,11.0,11.0,12.0,12.0,9277.173311999999
833,12.0,12.0,12.0,12.0,9277.174708999999
834,11.0,12.0,11.0,12.0,9277.176174999999
835,11.0,11.0,11.0,12.0,9277.177544
836,11.0,12.0,11.0,12.0,9277.178906
837,11.0,12.0,11.0,12.0,9277.180349999999
838,11.0,11.0,11.0,12.0,9277.181703999999
839,11.0,11.0,11.0,12.0,9277.183062
840,11.0,12.0,11.0,12.0,9277.184422
841,11.0,12.0,11.0,12.0,9277.185785
842,11.0,12.0,11.0,12.0,9277.18717
843,11.0,12.0,11.0,12.0,9277.188615
844,11.0,12.0,11.0,12.0,9277.189992
845,11.0,12.0,11.0,12.0,9277.191379
846,12.0,11.0,12.0,12.0,9277.192847
847,12.0,12.0,12.0,12.0,9277.194207
848,12.0,11.0,12.0,12.0,9277.195625
849,11.0,11.0,11.0,12.0,9277.197071999999
850,11.0,12.0,11.0,12.0,9277.198467999999
851,11.0,11.0,11.0,12.0,9277.199824
852,11.0,11.0,11.0,12.0,9277.201186
853,11.0,12.0,12.0,12.0,9277.202583
854,11.0,11.0,11.0,12.0,9277.203945
855,11.0,12.0,11.0,12.0,9277.205307999999
856,11.0,11.0,11.0,12.0,9277.206675
857,11.0,12.0,11.0,12.0,9277.208158
858,11.0,12.0,12.0,12.0,9277.209605
859,11.0,12.0,11.0,12.0,9277.210966999999
860,12.0,12.0,12.0,12.0,9277.212400999999
861,11.0,11.0,11.0,12.0,9277.213752
862,11.0,12.0,11.0,12.0,9277.215198
863,11.0,12.0,11.0,12.0,9277.216563
864,12.0,11.0,12.0,12.0,9277.217959
865,11.0,12.0,11.0,12.0,9277.21933
866,11.0,11.0,11.0,12.0,9277.220686999999
867,11.0,11.0,11.0,12.0,9277.222040999999
868,11.0,12.0,11.0,12.0,9277.223453999999
869,11.0,12.0,11.0,12.0,9277.224833
870,11.0,11.0,11.0,12.0,9277.226338
871,11.0,11.0,11.0,12.0,9277.227835
872,11.0,11.0,11.0,12.0,9277.229212999999
873,11.0,11.0,11.0,12.0,9277.230576
874,11.0,11.0,11.0,12.0,9277.231931
875,11.0,11.0,11.0,12.0,9277.233333
876,11.0,12.0,11.0,12.0,9277.234697
877,12.0,12.0,12.0,12.0,9277.236052999999
878,11.0,12.0,11.0,12.0,9277.237411
879,11.0,12.0,11.0,12.0,9277.238803999999
880,11.0,11.0,11.0,12.0,9277.240163999999
881,11.0,11.0,11.0,12.0,9277.241589
882,11.0,11.0,11.0,12.0,9277.243075999999
883,12.0,11.0,12.0,12.0,9277.24449
884,11.0,12.0,11.0,12.0,9277.245844
885,11.0,11.0,11.0,12.0,9277.247239
886,11.0,11.0,11.0,12.0,9277.248722999999
887,11.0,12.0,11.0,12.0,9277.250093999999
888,12.0,12.0,12.0,12.0,9277.251459
889,11.0,11.0,11.0,12.0,9277.252853
890,11.0,11.0,11.0,12.0,9277.254253
891,11.0,12.0,11.0,12.0,9277.257919
892,12.0,11.0,12.0,12.0,9277.25944
893,11.0,11.0,11.0,12.0,9277.260839
894,11.0,12.0,11.0,12.0,9277.262207
895,11.0,11.0,11.0,12.0,9277.263608
896,11.0,11.0,11.0,12.0,9277.265012
897,11.0,12.0,11.0,12.0,9277.266373
898,11.0,11.0,11.0,12.0,9277.267772
899,11.0,12.0,11.0,12.0,9277.269215999999
900,11.0,12.0,11.0,12.0,9277.270585
901,11.0,12.0,12.0,12.0,9277.271961999999
902,11.0,11.0,11.0,12.0,9277.273317
903,11.0,11.0,11.0,12.0,9277.274809999999
904,11.0,12.0,11.0,12.0,9277.276289
905,11.0,12.0,11.0,12.0,9277.277665
906,11.0,11.0,11.0,12.0,9277.279075999999
907,11.0,12.0,11.0,12.0,9277.280428
908,11.0,11.0,11.0,12.0,9277.281794999999
909,11.0,11.0,11.0,12.0,9277.283189
910,11.0,11.0,11.0,12.0,9277.284591
911,11.0,12.0,11.0,12.0,9277.285953999999
912,11.0,11.0,11.0,12.0,9277.287322
913,11.0,12.0,11.0,12.0,9277.288687
914,11.0,11.0,11.0,12.0,9277.290079999999
915,11.0,11.0,11.0,12.0,9277.291502
916,11.0,12.0,11.0,12.0,9277.292927
917,11.0,11.0,11.0,12.0,9277.294387
918,11.0,11.0,11.0,12.0,9277.295761
919,11.0,11.0,11.0,12.0,9277.297134
920,11.0,12.0,11.0,12.0,9277.298499999999
921,11.0,12.0,11.0,12.0,9277.300009999999
922,11.0,12.0,11.0,12.0,9277.301388
923,11.0,12.0,11.0,12.0,9277.302738999999
924,11.0,11.0,11.0,12.0,9277.3041
925,12.0,11.0,12.0,12.0,9277.30551
926,11.0,11.0,11.0,12.0,9277.306872
927,11.0,12.0,11.0,12.0,9277.308337999999
928,11.0,11.0,11.0,12.0,9277.309758
929,11.0,12.0,11.0,12.0,9277.311125999999
930,11.0,12.0,11.0,12.0,9277.312485
931,11.0,11.0,11.0,12.0,9277.313844999999
932,11.0,11.0,11.0,12.0,9277.315289
933,11.0,11.0,11.0,12.0,9277.316676
934,11.0,11.0,11.0,12.0,9277.318035
935,11.0,11.0,11.0,12.0,9277.319398
936,11.0,11.0,11.0,12.0,9277.320786999999
937,11.0,11.0,11.0,12.0,9277.322135999999
938,12.0,12.0,12.0,12.0,9277.323509
939,11.0,12.0,11.0,12.0,9277.324966
940,11.0,11.0,11.0,12.0,9277.326404
941,11.0,11.0,11.0,12.0,9277.327766
942,11.0,11.0,11.0,12.0,9277.329324
943,11.0,11.0,11.0,12.0,9277.330763
944,11.0,11.0,11.0,12.0,9277.332177999999
945,11.0,11.0,12.0,12.0,9277.333537
946,11.0,11.0,11.0,12.0,9277.334907999999
947,11.0,11.0,11.0,12.0,9277.336355
948,11.0,11.0,11.0,12.0,9277.337716
949,11.0,12.0,11.0,12.0,9277.339075
950,11.0,12.0,11.0,12.0,9277.340522999999
951,11.0,11.0,11.0,12.0,9277.341989
952,11.0,11.0,11.0,12.0,9277.343372
953,11.0,12.0,11.0,12.0,9277.344727
954,12.0,11.0,12.0,12.0,9277.346125
955,11.0,12.0,11.0,12.0,9277.347581
956,12.0,11.0,12.0,12.0,9277.348974999999
957,11.0,11.0,11.0,12.0,9277.350333999999
958,11.0,11.0,12.0,12.0,9277.35173
959,11.0,11.0,11.0,12.0,9277.353089
960,11.0,12.0,11.0,12.0,9277.354449999999
961,11.0,11.0,11.0,12.0,9277.355878999999
962,11.0,11.0,11.0,12.0,9277.357259
963,11.0,11.0,11.0,12.0,9277.358678999999
964,12.0,12.0,12.0,12.0,9277.360096
965,11.0,12.0,11.0,12.0,9277.361488999999
966,11.0,11.0,11.0,12.0,9277.36284
967,11.0,11.0,11.0,12.0,9277.364275
968,11.0,11.0,11.0,12.0,9277.365623
969,11.0,11.0,11.0,12.0,9277.367051
970,11.0,11.0,11.0,12.0,9277.368489
971,11.0,12.0,11.0,12.0,9277.369884
972,11.0,12.0,11.0,12.0,9277.37132
973,11.0,11.0,11.0,12.0,9277.372734999999
974,11.0,11.0,11.0,12.0,9277.374091
975,11.0,12.0,11.0,12.0,9277.3755
976,11.0,12.0,11.0,12.0,9277.376927
977,11.0,11.0,11.0,12.0,9277.378311999999
978,11.0,11.0,11.0,12.0,9277.379681
979,11.0,12.0,11.0,12.0,9277.381076
980,11.0,12.0,12.0,12.0,9277.382472
981,11.0,11.0,11.0,12.0,9277.383849
982,11.0,12.0,11.0,12.0,9277.385204999999
983,11.0,11.0,11.0,12.0,9277.386572
984,11.0,11.0,11.0,12.0,9277.388013
985,11.0,11.0,11.0,12.0,9277.389369
986,11.0,11.0,11.0,12.0,9277.390721
987,11.0,12.0,11.0,12.0,9277.392188
988,12.0,12.0,12.0,12.0,9277.393602
989,11.0,12.0,11.0,12.0,9277.394968999999
990,11.0,11.0,11.0,12.0,9277.396396
991,11.0,11.0,11.0,12.0,9277.397818
992,11.0,11.0,11.0,12.0,9277.399264
993,11.0,11.0,11.0,12.0,9277.400645
994,11.0,11.0,12.0,12.0,9277.402023999999
995,11.0,11.0,12.0,12.0,9277.403432
996,11.0,11.0,11.0,12.0,9277.404804
997,11.0,12.0,11.0,12.0,9277.406162
998,11.0,11.0,11.0,12.0,9277.407559
999,11.0,11.0,11.0,12.0,9277.409
